7591 1316
7583 5935
2129 4386
3807 1396
628 9298
7072 2133
0 0
7084 3644
1073 1417
8125 2348
1955 1808
486 7854
5205 5310
9031 215
9580 9829
9999 9999
1502 6834
5783 8654
352 6945
8899 8133
8883 6017
747 4770
4124 2601
3713 3830
2708 8233
2131 2797
7545 5138
6451 6275
5446 318
8551 4258
8857 3526
7927 5069
642 4345
5509 3054
4481 5365
684 4747
2200 1842
9612 6323
8826 6474
4254 4097
8988 6115
4395 1946
5197 2116
674 9039
0 9999
7132 8237
8095 5691
2898 3090
1304 9272
8277 4690
2710 2869
458 9716
9999 0
2198 1134
1559 7481
1996 5246
3775 6238
1472 9813
3527 2719
6727 5179
5517 2147
2218 3653
9996 7050
1798 9104
6273 6120
664 9051
3358 881
5677 5703
3886 1253
1108 7905
84 685
796 5061
1623 6625
1382 1881
3680 9458
533 6307
3098 5968
5036 2462
3267 1747
9530 9706
1243 2588
433 1157
4492 2201
8252 7485
7216 5476
6327 1823
7018 3236
5588 578
6980 5524
160 7257
7290 4888
6381 9387
9860 1743
2890 1163
4304 5440
8147 8908
9792 6740
7426 3389
5263 2966
1950 9268
3974 6844
5325 5360
130 8902
1941 4122
3552 7483
5249 4532
5095 8403
3988 278
1303 9185
3052 2483
5850 5090
1896 3720
2251 589
9188 7649
7747 5112
681 5331
7269 6527
8054 429
2301 6309
8445 7475
4965 3213
5353 3690
7607 2733
2120 408
8005 4138
115 8472
5620 4644
8882 2115
4152 9927
6720 4354
4827 1120
6746 1444
1543 2030
9761 1376
597 3619
9894 3098
4598 6236
812 7290
105 8287
9901 6932
9068 4822
6879 6133
6671 586
6725 6334
9584 8820
8157 354
251 7318
7111 8387
3264 9099
9790 3029
1554 739
9347 5291
2134 1254
5886 2937
2763 8516
5644 3749
9935 4624
6577 8124
5428 1390
5507 1280
2970 5823
4151 3257
8942 4752
7433 2938
5606 507
1631 2255
9236 1547
2818 2172
7587 7724
9229 9771
5447 828
2938 2610
8983 7738
2306 6287
2970 3111
5353 5801
1943 3230
8031 6794
7786 4296
8027 9323
4741 4108
1355 9500
6786 7435
5184 5130
5221 754
3409 9327
776 9483
2030 7052
5007 7607
3187 2865
7304 3082
135 9495
8846 5356
6791 5994
9552 1391
7723 2467
877 5074
590 6578
191 8889
3280 9635
4562 2321
1874 1526
5374 3345
3817 5541
2758 1321
5522 3063
4975 7377
9072 4269
5854 5666
5057 5698
3672 9020
8698 1352
7071 6169
9251 3646
2923 2397
344 4089
4866 8307
8939 5188
5046 5124
5698 7022
5788 7182
4784 9461
7420 7583
9644 2006
7440 963
573 132
7093 8836
702 1745
9085 1471
2449 1114
6796 862
2459 9672
834 635
1429 3632
1246 2261
9318 706
1517 8232
4456 780
4210 5284
8912 6573
7813 5262
6747 308
2420 7971
1462 3652
8368 34
1286 5415
3823 3107
9483 5956
6863 5361
207 1648
4118 9084
1936 7779
5062 3404
5815 5340
1769 5491
3058 5400
3889 1653
7063 7312
734 7073
3869 4648
4799 4150
11 2063
9764 4324
7994 7646
4689 7207
9446 2686
5209 1908
7831 8564
2070 6891
6077 2490
7947 7352
8568 8203
9762 3025
3871 3174
9439 857
8748 8802
9135 1037
9672 5819
250 4693
7226 9154
4188 4984
8116 4139
261 9984
9768 9445
6482 133
955 4628
3723 4775
1103 8715
6088 6859
7061 7299
3700 4987
1248 3155
4555 5058
5058 4346
3206 8213
3160 5589
8431 8223
168 7455
3664 5678
1170 6522
1769 9641
9933 2823
9009 4332
409 9869
2901 7088
3336 9515
1599 7323
4042 1802
100 9515
6376 2597
1207 5975
5898 7548
1891 8464
5296 2445
1250 5774
5638 2894
5517 1579
665 4336
9314 8754
1241 6886
655 2813
2692 8220
2217 3608
4869 5651
3142 3221
5828 3400
8026 5590
4637 7419
7297 1734
6770 9113
890 8025
115 1517
6391 6124
849 9737
7401 5303
7950 4620
1147 9814
1183 349
2196 7764
6978 6231
9919 846
6429 85
9520 1807
54 6006
3298 1452
6631 5936
4258 9809
7812 2685
5752 3486
6643 7499
694 9242
9268 314
8124 3163
2513 2673
3419 8849
4885 7841
680 981
8886 2764
6972 4917
1350 3141
6070 5536
571 1211
8843 509
7595 5912
1893 1872
8546 1586
6603 8469
2340 9566
6851 7116
5239 4764
5682 957
1859 9688
2914 6542
8904 2834
1711 8655
6604 8717
949 3530
2372 4982
5868 5996
8317 8611
3335 8797
3733 4549
8082 4527
765 7624
522 2610
7809 9401
9550 3731
2940 3042
8678 1165
169 9636
4191 7667
8958 7937
6527 308
9386 7431
3448 7191
2218 5277
2713 8256
3890 176
1384 8163
3272 9400
6187 6529
8095 6589
5613 1272
2116 6649
5079 4946
2721 1270
3222 605
6323 7003
1999 9806
4890 4714
8704 1443
6796 6310
5429 6304
1395 3839
283 491
3876 9997
7625 1796
2445 9240
5237 917
8419 5764
3999 6570
4228 9118
9149 7395
7543 4748
3397 9484
776 268
2683 1014
614 9056
8050 875
8039 5759
2998 4921
156 9656
5583 1933
1754 3800
3382 7656
3540 3844
2989 5355
205 7441
6064 3433
4585 4608
4896 5872
1783 2302
6607 7883
3351 3825
3915 1880
3208 5501
2162 5203
4794 14
6000 3314
652 5621
2612 1698
5523 7936
1688 2815
2973 4125
4043 1340
3749 8218
4102 8725
3229 8022
8094 2883
7571 5061
4523 5171
5775 7994
9962 5524
4673 2375
5375 5713
8466 4712
1573 3036
7828 6323
978 5710
9076 7921
7748 3623
1878 5550
6181 690
4331 8222
5047 7458
9026 7159
8130 9182
19 5161
5794 5343
8838 5311
4957 1990
8518 4990
1704 8444
2632 8203
9970 1537
4062 3170
9887 8454
3047 4530
4027 2857
8668 5674
5962 9049
9396 3223
175 3668
9080 3311
8333 7221
2778 8762
2049 6269
4310 9614
9880 7202
6884 2223
